Private key: f946eb1ba3c838135ff1d9c37fde09e87df3d33992a5d46927bf03d2bdf0f8c5
Public key: 04e96be22f2fdb8b651f66313074b687cb14b2524fe35e5fdf54a2dde17a4cc52c4ac00c7e61c8927c86c112c5ff997cc0a31101ebc8c98b5319b8bd5e45c1311a
Address: 0xb7192491c40488e9434577b4ba1a5f18e840ff84
Signature:
[
  Uint8Array(71) [
     48,  69,   2,  33,   0, 247, 243,  89,  51,  61,  11,  56,
    135,  46, 236,  47, 162, 161,  13,  55, 183, 149, 202,  76,
    163, 206,  50, 247,  59, 203, 234, 185,  33,  81, 244, 238,
     63,   2,  32,  16, 166, 137, 162,   0, 137, 255, 194,  20,
    154, 196,  98, 147,   4, 252, 152, 211, 106, 236, 216, 205,
    200,  13, 109, 177, 244, 191,  68, 219, 212, 219, 153
  ],
  1
]

Private key: 5eb65d52fd8fb2a7a84c79dd11dcf49c261e71fcea19f0c659008c1f7b87eebf
Public key: 044e4d495ac3020f582213df917435836a75af602cb7b007c79225432e12d05c862b2aa4c3bf5ff4906b8e0872c57696c61c0e17f9498e753f3edf6aab23475f9d
Address: 0x54db802b37a51d3720e082622d3e3cd069a9be17
Signature:
[
  Uint8Array(70) [
     48, 68,   2,  32,  74,  80,  99,  31,  52, 180, 189, 239,
     41, 27, 120,  35, 101, 170, 127, 132, 149, 241, 178,  47,
     81, 25, 137,  19, 232,  67, 164, 184,  20, 237, 107,   0,
      2, 32,  57,  30, 164, 139, 222, 116, 100,  70,  91, 174,
    107,  7, 254, 238, 124, 190, 111, 175, 167, 182, 100, 127,
     21, 75, 232,  79, 148, 176,  84,  95, 167,  42
  ],
  0
]

Private key: 3c4e40302a55f04a2232acb3f5f94d69f5725422a68d5bf087de110525a33fbe
Public key: 0410a03f45c26de09c6225b75f7ad60855c1e6fd40da2f1553a8d6cbc7c93bc259ca0b8610fe03e8eb823633e5863c05e2b4c2f53ced98d29c4fdc2f40d745f369
Address: 0x07b131f5ed9ec366e3ef844ebd17494770e4a2cd
Signature:
[
  Uint8Array(70) [
     48,  68,   2,  32,  72, 171,  58,  88,  33, 107,  77, 179,
      3, 204, 216, 197,   7,   7, 252, 117, 193, 188, 130, 236,
    246,  13, 250, 205, 109, 230, 213, 234, 188, 229, 245, 161,
      2,  32,  55, 225, 148, 101, 103, 147, 137,  71, 112,  66,
     27, 109, 131, 236,  97,  44,  32, 221,  69, 141,   4, 157,
    201,  88, 199, 198, 156, 152,  45,  98, 119, 115
  ],
  0
]